10
PT 519a2b932838 9839.4 10718 12450.4 9128.6 8236.5 12380.3 8710.6 10619.4 9027.8 11470.8 11543 8923.5 0.1
CS 29761ay21 12116.2 8508.3 8483.9 8020.5 8395.1 12448.9 8086 11808.4 10975.4 11959.3 11961.2 12281.9 0.06
PT 13443579c07w9d6 8231.9 10387.5 12105 10446.9 10419.5 12480.7 9593.4 9514.3 10295.3 9382.7 9969.3 11012.5 0.08
NS 8Z8636 11993.1 8269.9 9795.7 8939.2 12730.3 12443.4 12191 12086 8535.3 10376.1 10396 10477.7
NS 252x1P26 11078.8 9227.7 8271.4 11405.1 8528.8 10336 10940.2 12254.1 8252.1 11262.9 8609 10942.2
PT 13165 8730.3 9018.9 8941.4 8897 8767.9 10973.8 8314.6 8837 9083 10701.6 11635 10316.3 0.05
CS 20970 10802.7 12658.7 12210.6 8406.6 12864.4 12547 9885.1 9446.5 10589.4 10681.9 11016.3 10810.7 0.11
NS 6b6296 11870.9 11107.9 12793 9939.4 9630.3 11168.3 11505.2 8739.9 11135 9654.9 10313.1 10007.2
CS R36T8X31 8624.8 10469.1 10250.8 9822.9 10568.4 8726.1 9401.4 10212.6 9993.8 12698.5 9013.7 9173.5 0.08
PT 509dC0 11546.4 11066.7 9836.8 10259.8 12650.3 8940.3 10321.1 9710.9 12929.2 11733.9 9225.1 8717.4 0.05
